best_accuracy: 0.508522270461489
best_sharpe: -31.897534266755144
combined_metric: 0.2542611352307445
hyperparameters:
  colsample_bytree: 0.8249320751829147
  eval_metric:
  - logloss
  - auc
  gamma: 0.20519849335665513
  learning_rate: 0.03356338335238599
  max_depth: 10
  min_child_weight: 1
  n_estimators: 272
  n_jobs: -1
  objective: binary:logistic
  random_state: 42
  reg_alpha: 0.7842412359605838
  reg_lambda: 0.9970502882947019
  subsample: 0.6791845746508484
  tree_method: hist
n_trials: 50
optimization_date: '2026-02-05T20:00:38.662750'
