metrics:
  accuracy: 0.7777713458755426
  auc: 0.6611199054542395
  f1: 0.11767409790852677
  precision: 0.3775811209439528
  recall: 0.069697794718214
  sharpe_ratio: -14.361468082012829
  win_rate: 0.7777713458755426
model_name: xgboost_phase1_optimized
model_version: '1.0'
n_features: 32
n_samples_test: 17275
n_samples_train: 69096
optimal_threshold: 0.6300000000000001
training_date: '2026-02-05T19:41:57.148659'
